[{"id": 0, "img_name": "IMG_4026", "width": 4032, "height": 3024, "position": [-3.6791790683678407, -1.6037916160077175, -0.27680206385197215], "rotation": [[0.9896307389644177, 0.02242251555532968, 0.1418739979450485], [-0.02720907939779635, 0.9991210116324039, 0.031888400915795215], [-0.14103427418562145, -0.03541800263726165, 0.9893709610626955]], "fy": 3260.52633288059, "fx": 3260.5263328805886}, {"id": 1, "img_name": "IMG_4034", "width": 4032, "height": 3024, "position": [-3.0226753849979064, -0.38869547238377683, -0.2193148394516984], "rotation": [[0.9864023730304621, 0.004487117106246735, 0.16428701792883033], [-0.0051392908657149315, 0.999980510539907, 0.0035448878324050794], [-0.16426790973671812, -0.004341004540608364, 0.9864062091807351]], "fy": 3260.52633288059, "fx": 3260.5263328805886}, {"id": 2, "img_name": "IMG_4042", "width": 4032, "height": 3024, "position": [3.1325241149827474, 1.474793391582211, 0.3231813761412161], "rotation": [[0.9993220928034552, 0.01103723031034006, -0.03512170813043129], [-0.012827057927684696, 0.9986085835231181, -0.051150400769412865], [0.03450828045328416, 0.05156623372933339, 0.9980731947703682]], "fy": 3260.52633288059, "fx": 3260.5263328805886}, {"id": 3, "img_name": "IMG_4027", "width": 4032, "height": 3024, "position": [-1.6588689448988245, -1.6091453751095333, -0.24286662642276774], "rotation": [[0.9960172626730782, 0.009117674756115341, 0.08869318161093533], [-0.011941270538026492, 0.9994369071068294, 0.03135721241871635], [-0.08835733424660527, -0.032291434154842605, 0.9955652890519322]], "fy": 3260.52633288059, "fx": 3260.5263328805886}, {"id": 4, "img_name": "IMG_4036", "width": 4032, "height": 3024, "position": [-4.766544832985499, 0.7201775982940793, -0.17121011145870968], "rotation": [[0.9794169155184532, 0.009514352069974962, 0.2016233684397908], [-0.005529885184464268, 0.9997783157409792, -0.020315997242999585], [-0.2017719652631795, 0.01878287727744307, 0.9792524074798156]], "fy": 3260.52633288059, "fx": 3260.5263328805886}, {"id": 5, "img_name": "IMG_4045", "width": 4032, "height": 3024, "position": [-3.881079017887374, 1.7366588937817466, 0.7925995830347445], "rotation": [[0.9824011047482776, -0.042716349021364584, 0.18183339329080514], [0.053040405080743945, 0.9972220319923056, -0.052296599679208314], [-0.17909434613698513, 0.0610207541367832, 0.9819377183642268]], "fy": 3260.52633288059, "fx": 3260.5263328805886}]